id	B cells naive	B cells memory	Plasma cells	T cells CD8	T cells CD4 naive	T cells CD4 memory resting	T cells CD4 memory activated	T cells follicular helper	T cells regulatory (Tregs)	T cells gamma delta	NK cells resting	NK cells activated	Monocytes	Macrophages M0	Macrophages M1	Macrophages M2	Dendritic cells resting	Dendritic cells activated	Mast cells resting	Mast cells activated	Eosinophils	Neutrophils
GSM1289184_Control	0	0	0.00604147672766216	0.313206006400865	0	0	0	0.00202556812022481	0.0851222743104417	0	0.0559949814017058	0	0.0884424714731808	0.0111576551328051	0.127765588021457	0.0107912732531489	0.00576084244053782	0.00880640491113202	0	0.284885457806839	0	0
GSM1289185_Control	0.10241441139994	0	0.116588952529811	0.0407639975143775	0	0.162282869287036	0.0189309250779174	0.00164744389215385	0.0989313088599975	0	0.0497298584703449	0	0.0335207632316701	0.099513283281299	0.0721362318224069	0.0101899080130164	0.00235709547095726	0	0	0.190992951149072	0	0
GSM1289186_Control	0.104465083035483	0	0.0790901581541619	0.121806044725361	0	0.351386944207635	0.00111544698031721	0.0045216250551477	0	0	0.00554694267460706	0	0	0.112615649936129	0	0.0703751299000579	0	0.0443932884748104	0.00147082714838776	0.103212859707903	0	0
GSM1289187_Control	0.00875940001415956	0.0357954938968947	0.0376345033116906	0.14447943878996	0	0.187220296535922	0.00778167461465329	0	0.0472612584360035	0	0.0359867887124091	0	0	0.100738812129235	0.123250456189891	0.0343977298907285	0	0.0242930434910116	0	0.212401103987441	0	0
GSM1289189_Control	0	0.0133386583322537	0.148982130733249	0.133298261760251	0	0.344039957365042	0	0	0.0417774470254532	0	0.0194142408687357	0.00571893793739742	0.0231563309155076	0.0247491172063848	0.0323786938990581	0.0492914152232783	0	0.00861117590353473	0	0.155243632829855	0	0
GSM1289190_Control	0.0271476358341491	0.0328307123284429	0.126959306318561	0.0558064946729461	0	0.313103566165026	0	0	0	0.00737432960830276	0	0	0	0.0616143250886742	0	0.0766995495813975	0	0.0583953676005685	0	0.220888336321435	0	0.0191803764804972
GSM1289191_Control	0.15911821501264	0.0522279675867471	0.0812218594176472	0.157618348178303	0	0.212345907944697	0	0	0.0690820701937985	0	0.0330064579002411	0	0.00317016949962509	0.0344222319271549	0.0301812454509741	0.060387634868828	0	0	0	0.107217892019344	0	0
GSM1289194_Control	0.13571792039835	0	0.116299774629364	0.203707585210577	0	0.0893441934764279	0	0	0.0994458013549271	0	0.0016495938304603	0.0262120952799204	0.0417194527329549	0.0605140857554822	0.0157823890228727	0.0491067993923264	0	0.0260657812884603	0	0.134434527627876	0	0
GSM1426178_Control	0	0.0459943267242774	0.0889064492256758	0.177050551434547	0	0.10229798243331	0.0036842787494144	0	0.101713653364918	0	0	0.0687479798422125	0.0544251890313733	0	0.0682270475720336	0.0370208909574423	0	0	0	0.251931650664796	0	0
GSM1426179_Control	0.103690446486212	0.0833472242705419	0.0985486431183008	0.27912317781689	0	0.0268049164275511	0	0	0.113204951564236	0	0	0.030807931593163	0.0281276766704468	0.107513601464976	0	0.036828925665976	0	0.00525669380214343	0.0667652091810349	0.0199806019385278	0	0
GSM1289168_Treat	0	0	0.0118525764634211	0.401839473124414	0	0	0	0	0.0343709188027434	0	0.0555220710554035	0.0347299377071448	0.102348737150793	0	0.0521105044544032	0.04431027813037	0	0.00543631880561616	0	0.257479184305691	0	0
GSM1289169_Treat	0	0.0186209987860896	0.0849704064091066	0	0.0107567944227753	0.160110101739282	0.0664641987375779	0	0	0	0	0.0391147618309775	0.0339011704720843	0.0192756814831932	0.124791175966439	0	0	0.0141766723134838	0	0.340801624373786	0	0.0870164134652049
GSM1289170_Treat	0	0.0156787312764222	0.12203766381782	0.0635083295627656	0	0.204036282226758	0	0	0.0228530049534139	0	0	0.0134002103676352	0.0339000140308171	0.0594896657875061	0	0.00248202859701539	0	0.0160176613953957	0	0.44659640798445	0	0
GSM1289171_Treat	0	0.00874659200275932	0.0842476936275557	0.00219921189450008	0.096829143449793	0.0401077355349148	0	0	0.0161472383652308	0	0	0.0473558703952101	0.0055082220026694	0.102430110369255	0	0.02532700898495	0	0.0579023582148036	0	0.357540113755133	0	0.155658701403225
GSM1289172_Treat	0.0244970499672368	0.0719755288064015	0.132859409601716	0.0713833097277952	0.0956445391911539	0.0818631310240973	0	0	0.0468115370971003	0	0.0205869782308482	0.01681588738786	0.0819869366921627	0.0308078568008637	0.0360547247173377	0.0515494276434554	0	0.00340884218121304	0	0.233754840930758	0	0
GSM1289173_Treat	0	0.051731264557149	0.0769718293306359	0.0502903091975674	0.0600347641552296	0.152466920003423	0.080342740785946	0	0	0	0	0.056518295710928	0.0424339182656355	0.0154210077494146	0.0577624744328403	0.0347188008791949	0	0.0255646573868123	0	0.276669018472724	0	0.0190739990725002
GSM1289174_Treat	0.050240818620227	0.0902300726563493	0.157254854441007	0.00151220997029529	0.0134096859705693	0.235997137605368	0.019915940864901	0	0.0166059628705295	0	0.028057052982013	0	0	0.0617546319869336	0	0.0600246483497235	0	0.0508625340162695	0	0.212809360295765	0	0.00132508937004833
GSM1289175_Treat	0.0214793599984238	0.0653026123561752	0.104941826534978	0.0750153469270998	0.0540040821422523	0.0799975312798469	0	0	0.0419397212487317	0	0.00571251155516584	0	0.0198373505683955	0.0556889072462997	0.0356825355566321	0.0274767936154228	0	0.0314209858989384	0	0.35483022055919	0	0.0266702145124486
GSM1289176_Treat	0.0255925932959176	0.0335408352652732	0.15561910242328	0.11476143904656	0.0137392680048512	0.0939632352722484	0.0107420233115702	0	0.00869782564597037	0	0.0387168997769348	0	0.0359759663386714	0.193255010005085	0.00843250535918245	0.0808110793159659	0	0.0421674976089962	0	0.143984719329493	0	0
GSM1289177_Treat	0.0137143363612278	0.0553564832367966	0.0340833265145156	0.111196185801359	0	0.213570078011901	0.0254338031542934	0	0.0202121388959717	0	0.0923272085568474	0	0.0227584809765646	0.0785284984278869	0.03357255738942	0	0	0.0400568746959997	0	0.251117015991478	0	0.00807301198573921
GSM1289178_Treat	0.0923856263921419	0.102053978497713	0	0.143682345839476	0.022672189004378	0.0866835613927363	0.0243952098229238	0.0174544821995753	0.0124239561404035	0	0.0388465284744518	0	0	0.129080768191088	0.0377742730546954	0	0	0.0623081244861386	0	0.225690563627113	0	0.00454839287716604
GSM1289179_Treat	0.119171956090538	0.0979265726271294	0.0434799177931192	0.151382098304604	0	0.0230392294417154	0.0511864417885295	0.0370903411455276	0.0284942207114882	0	0.0188821047933526	0	0	0.0587854774661807	0.0318051600132132	0	0.0139167820415044	0.0368210461879085	0	0.270019116258384	0	0.0179995353368055
GSM1289180_Treat	0.0377837782979373	0.0567550150333546	0.0829650812099756	0.088821260519636	0	0.108752532110331	0.0196275399928577	0	0.0486651340156963	0	0.0206880039467729	0	0.0726342683209856	0.130092590059776	0.046816005238874	0	0	0.0306940733473288	0	0.255704717906475	0	0
GSM1289181_Treat	0.0529595408155236	0.0467022679354364	0.10302716952311	0.0768779560321938	0.0612446967178545	0.0242269370109954	0	0	0.0687936010972554	0	0.0179830245156683	0	0.0161012961686355	0.119085044500019	0.037370055204716	0.000914893507458293	0	0.0344724610023418	0	0.337172874578078	0	0.00306818139071481
GSM1426090_Treat	0	0.050004261259504	0.0951584356954731	0.0973087520427618	0	0.0704872627105859	0	0	0.0540190441737842	0.0259393544476169	0	0.00920615153728539	0.00407472320989784	0.0246744482257871	0.172220315359403	0.049774567170203	0	0.0178629541495976	0	0.3292697300181	0	0
GSM1426093_Treat	0.00966095316964246	0	0.188614933036029	0.158446817639756	0	0.114121075758519	0	0	0.0699171148648889	0	0.0152236580478548	0.0118869191974605	0.0583393010629412	0.114209565440921	0.0295226411354361	0.058583476417167	0	0.0140242906605371	0	0.157449253568847	0	0
GSM1426094_Treat	0.0467703977999563	0.00544696053665819	0.0927209773132226	0.060984639366315	0	0.149157222712153	0	0	0	0	0.0379430114025837	0	0.0165169961940147	0.0417430312281833	0.14398195779911	0.00532136057850959	0	0.0162602502382178	0	0.25116145499857	0	0.131991739832507
GSM1426095_Treat	0	0.0841875002567069	0.0819794445899279	0.12731583966589	0	0.147263440988752	0.0445085585204363	0	0	0.0472558185656343	0.07039966595909	0	0	0.13218397995636	0.0145980806030629	0.0302134628763098	0	0.0364774153321676	0	0.145223523910166	0	0.0383932687754958
GSM1426096_Treat	0	0.0185981414326769	0.0908506742757763	0.0399592246775591	0	0.119801324657847	0	0	0.000666901296423702	0	0.0202963361787032	0.00545506070820529	0	0.123999526035766	0.0148601912541943	0	0	0.0723558691530646	0	0.322193498383893	0	0.17096325194589
GSM1426097_Treat	0.164061713779717	0.0734065541859115	0.0364675160783434	0.0295604247066251	0	0.145445871988276	0	0.0080620265334447	0	0	0.0906373692396595	0	0	0.074999642377862	0.0453120568726971	0	0	0.0196998803085317	0	0.246269222083344	0	0.066077721845588
GSM1426098_Treat	0	0.0287300898228348	0.0486317816110647	0.0644954958022725	0	0.181743606779978	0	0	0	0	0.0128358578794544	0	0.00624247926660369	0.0272903734218596	0.0492513438437233	0.0101462308541243	0	0.105992346461721	0	0.298884267879047	0	0.165756126377316
GSM1426099_Treat	0	0.0117068876174093	0.0796884628437516	0.0915549524871963	0	0.161163187471882	0.00256466458178928	0	0	0	0.0315732331421524	0	0.0166867616882076	0.0309645266447202	0.0318163962992415	0.0307957288342772	0	0.0818538365613063	0	0.399726243054786	0	0.0299051187732806
GSM1426100_Treat	0.00623733329467595	0.148413127722423	0.0190375332456959	0.126436396944395	0.105203750124113	0.0205974145364232	0.0432612984941969	0	0.000604800535365597	0.01846253463422	0.0299300760515692	0	0	0.151291152744388	0.0291862390949747	0.084294758622234	0	0.0338579299950198	0	0.160993569325298	0	0.0221920846350076
GSM1426101_Treat	0	0.0316534179047311	0.0988675705042506	0.0277454492745224	0	0.223356082728542	0.0194032427754923	0	0	0	0.0306629210523106	0	0.032411766248064	0.0891799126936157	0.0803369422613338	0	0	0.0475259529473663	0	0.247856489775644	0	0.0710002518341272
GSM1426103_Treat	0.114460135623577	0.0424817029479703	0.0205448303904887	0.00975220595871402	0	0.168829931544742	0	0.0322713470457541	0	0	0.0694174495029939	0	0.0005376580242437	0.165349777513405	0.0109786671928496	0.00365403014633249	0	0.0287402129828868	0	0.314958808642378	0	0.0180232424836648
GSM1426104_Treat	0.0616139602007049	0.0176185286168987	0.0309343255697951	0.0498950333336718	0	0.166440707731253	0	0	0	0	0.0422315140679984	0	0	0.0366577216980229	0.0747630759575823	0	0	0.026787979969159	0	0.374316024154885	0	0.118741128700029
GSM1426105_Treat	0.163650439738018	0.0283787309000579	0.00277933999375553	0	0	0.185208904734325	0	0	0	0.0349358385354122	0.0138336989576665	0	0	0.0825056138648684	0.120862869167207	0.00148197039958884	0	0.0162394185103166	0	0.213348704969416	0	0.136774470229368
GSM1426107_Treat	0.175627548963708	0.00913266974466779	0.0655306580304995	0.0330544417665685	0	0.127431715777588	0	0	0	0	0.0424447833719787	0	0	0.168688921890856	0.0530230077158001	0	0	0.0228920916515107	0	0.2839308329006	0	0.0182433281862226
GSM1426108_Treat	0	0.042601777656176	0.0927609590410049	0.0278401281393638	0	0.253712794532932	0	0	0	0	0	0.0328586374381394	0.00419850075390221	0.002347792677401	0.0567065694844104	0.0112241822583766	0	0.0666089646449653	0	0.30087176169671	0	0.108267931676619
GSM1426109_Treat	0.0728352715653297	0.0246820186866476	0.0883258723816782	0.0381520448431837	0	0.209208423951837	0	0	0.0223097620011843	0	0.0259196207131113	0	0.00500122034869287	0.0383549577866296	0.0840576495644996	0.0203161743265435	0	0.0230575201960909	0	0.338201973716448	0	0.00957748991812433
GSM1426112_Treat	0.0279499114522359	0	0.104890207526867	0.144197728482125	0	0.295961044749931	0.034572090556779	0	0.0125547708866167	0	0	0	0.0208764908475899	0.0671154453296497	0.025107628198117	0.065191389689392	0	0.0155792682948455	0.112450553837608	0.0650685640940792	0	0.00848490605416429
GSM1426113_Treat	0.024892543336372	0.0616949363681503	0.0588203883468712	0.136741925530561	0	0.212362917798623	0.0110624705139027	0	0.0282037726303977	0	0.0355821466627948	0	0.000228700403497679	0.110894800422385	0.0151427383127401	0.0900928600480239	0	0.0598076196960535	0	0.132354573873507	0	0.0221176060561201
GSM1426114_Treat	0.0720896435983958	0.0441157633541878	0.0540976012155519	0.0252078921473165	0	0.196776110767275	0.0079293381456383	0	0	0	0.0560740439092485	0	0.00457591649865259	0.174848654386136	0.0790619937398509	0.0120833510215613	0	0.0301318334778058	0	0.1823198630464	0	0.0606879946919792
GSM1426115_Treat	0.048508316344644	0	0.0604124673570055	0.0317020806624912	0	0.229419573140221	0.0214067428650408	0	0.0035246005802789	0.0181891137214686	0.0643571959802659	0	0	0.0965208981884937	0.0919265928338222	0.0638860831245553	0	0.00843594586925237	0	0.222141124954381	0	0.0395692643780793
GSM1426116_Treat	0.0666182995111381	0	0.0249863623300679	0.0367103116857138	0	0.230897148757779	0.0164011514978009	0	0	0.0270667069695001	0.048927359078807	0	0.00590655190100581	0.123990954932799	0.0880120584476858	0.0572760572296394	0	0.0184637153467951	0	0.185165466869912	0	0.0695778554413557
GSM1426117_Treat	0.00260906065864201	0.0164960967691483	0.128443499992172	0.230569542852071	0	0.181437809883261	0	0	0.0912372806441449	0	0	0	0.0522747455035422	0.0427416116591324	0.0277504882450559	0.0219016758155255	0	0.0409312524586042	0	0.141550366915238	0.0220565686034629	0
GSM1426118_Treat	0.366117271070629	0.0787376559753785	0	0.0619656820431722	0	0.0985004777860239	0.0204205508684308	0.00312815250619536	0.00507111278296014	0.00795800866533367	0.049334665735857	0	0	0.0724287466647181	0.029652661111604	0.0433865486244123	0	0.039634762968478	0.052412573999481	0.0712511291973264	0	0
GSM1426119_Treat	0.0991962555232177	0	0.0736428622171834	0.0644880942095934	0	0.178075893946686	0.0151513169546705	0	0.0277104147163335	0	0.0423521577805425	0	0.00168402238214002	0.177079163845766	0.0507122175023099	0.0499997853564083	0	0.00572978356112844	0.150421408216505	0.0637566237875154	0	0
GSM1426120_Treat	0.200671193635564	0	0.0524913494453804	0.106079095160677	0	0.103539586166156	0.00546806478024905	0	0.0855763794303826	0.0112101279067516	0.0333642878430316	0	0	0.0905620579751135	0.0256266725143123	0.0717547814687029	0	0.0548842016522015	0	0.158772202021477	0	0
GSM1426121_Treat	0.0159967510228365	0	0.0880185792041828	0.0482160621727925	0	0.259470477328699	0.00199659303768825	0.0152521084160116	0	0.000705857401038387	0	0	0.00433718745772994	0.0383396607483525	0.118521477833709	0.141187086686097	0	0.0130877878147891	0	0.233110235565039	0	0.021760135311035
GSM1426122_Treat	0.0228308737834978	0.0175257111364806	0.182190374569312	0.0825272251535641	0	0.0345026445586703	0	0	0.109535124402922	0	0	0.0436923098766098	0	0.162948971458069	0.019559080387447	0.0856485761684635	0	0.0248601699115937	0	0.21417893859337	0	0
GSM1426124_Treat	0.0727703738697396	0	0.0372917711735008	0.10913212036579	0	0.177802917189485	0.0433126449756776	0	0.0190640831511991	0.0905737985479223	0.0352835250374692	0	0	0.0809420160533079	0.149851522697408	0.0671869783089228	0	0.0120148888202187	0	0.101873364801893	0	0.00289999500746589
GSM1426125_Treat	0.0081097815846053	0.0147392536115986	0.172577993815876	0.139378869642383	0	0.211940128762821	0.0134206592792356	0	0.0227274505362447	0	0.000472797289566801	0.0296039013723128	0.0274975888137044	0.198579394684279	0.0282507525291721	0	0	0.00697103321396593	0	0.125730394864235	0	0
GSM1426126_Treat	0.023997026437326	0	0.0580764664135023	0.00220164939640234	0.0204992314252131	0.183682112070112	0	0	0	0	0.0236924811206042	0	0.059980325167821	0.19396151649282	0.00365504214724732	0	0	0.0281942164317353	0	0.308126279577534	0	0.0939336533196824
GSM1426128_Treat	0.0643075261407731	0.03613134579313	0.0709638578115597	0.0567866117295381	0	0.161977549425303	0	0	0.0575810531911509	0	0.0222416925011861	0	0.012872512077122	0.127272761183173	0.0771548797245836	0	0	0.0259505390613622	0	0.282677086832081	0	0.00408258452903794
GSM1426129_Treat	0	0.0127298799600873	0.102874709457543	0.042926870442541	0	0.263538750017229	0	0	0	0	0	0.0252245023074555	0.0392147974680578	0.0127351930764568	0.0962573369487098	0	0	0.0283105187523194	0	0.346221459712444	0	0.0299659818571568
GSM1426131_Treat	0.0659988787442737	0.185033082205351	0.00137727610912881	0.0388072708741311	0.011828743177492	0.207029300249725	0.0676674841045104	0	0.0209532464978628	0	0.0966408142230108	0	0.0234076393758057	0.13291182797712	0.0550697565770448	0.0124263158756685	0	0.0320117382012618	0.00523619185027488	0.0436004339573392	0	0
GSM1426132_Treat	0.0739916124194831	0.0136833986068086	0.0749594827034058	0.0613969357254701	0	0.193124291795717	0.0159166923508791	0	0.0357321772877709	0	0.0772205613130622	0	0.0139635326470768	0.180210857114886	0.0379681702986484	0.00353072713690682	0	0.00174480762240715	0	0.190078893774856	0	0.0264778592026221
GSM1426133_Treat	0.00380337031021534	0	0.200302619513706	0.136273444063561	0	0.163827392839638	0	0.00471206528321626	0.0231005416395599	0.00317872471363062	0	0.0389448875693021	0.0406195891587481	0.0270621873417116	0.0676424523275525	0	0	0.00987397596952742	0	0.269120696919404	0	0.0115380523502272
GSM1426134_Treat	0.00965915714239934	0.0410708062886888	0.061475532585091	0.0731962097700729	0	0.223882305434044	0.0699024172509841	0	0	0	0.0149002910030074	0	0.0303086542951096	0.0318817273957821	0.0678402129193126	0.000144991951973961	0	0.0550147725583439	0	0.224941351599519	0	0.0957815698056711
GSM1426135_Treat	0.0127033822434609	0.00817562428068357	0.199656396969516	0.109341825339843	0	0.226980298879203	0.0281484963411552	0	0.0126351786937369	0	0.0109331940987482	0	0.0215406449961017	0.140437226428397	0.0297365685594582	0.0502194096559552	0	0.0105432336231943	0	0.138948519890547	0	0
GSM1426138_Treat	0.0331246528258004	0	0.123661830677363	0.0257353761477401	0	0.28429927548817	0	0	0	0	0.0513958331209777	0	0	0.107884187464127	0.0203832565923552	0.0578495855138281	0	0.033745095528429	0	0.225266957742937	0	0.036653948898273
GSM1426139_Treat	0.0316684628257476	0.0440009583945377	0.085516669927076	0.055667286707656	0.00878588129954971	0.204172653476219	0	0	0	0	0.0675848756290854	0	0.0323547507994617	0.0703201483259526	0.0103757610274255	0	0	0.0190473548837711	0	0.269431067807909	0	0.101074128895609
GSM1426140_Treat	0.253757082600123	0.00610989028460194	0.108264701229397	0.0952190632588218	0	0.170544269015496	0	0.00664260144363773	0.00183357672489468	0	0.0528121888210652	0	0	0.0915790487127009	0.00323982029236216	0	0	0.0482185928788142	0	0.1270145464922	0	0.0347646182458852
GSM1426142_Treat	0.0445628036547288	0.0138897375618197	0.11069286420833	0	0	0.164940494690634	0	0.0102247340262102	0	0.0135532624475685	0.0231609258830823	0	0	0.216109829366215	0.0201317227701457	0	0	0.0269469657475928	0	0.210846369247881	0	0.144940290395791
GSM1426144_Treat	0.127125421953108	0.0343308884340992	0.0901267940244675	0.133017409234144	0	0.0989236214272453	0.0148405741198276	0	0.127459664907488	0	0.049205333584479	0.00354467840054817	0.0429588588511227	0.0235290761733545	0	0	0	0.0585772745925633	0	0.196360404297552	0	0
GSM1426145_Treat	0.0264422847346696	0.00820461376284797	0.127539825985307	0.140275097555448	0	0.135395061837373	0	0	0.00589776310447922	0	0.0222531638573206	0.0201587041900171	0.0630582145291195	0.146750991416602	0.114465494299101	0.0400086666025911	0	0.0354996056250419	0	0.114050512500082	0	0
GSM1426146_Treat	0.0111662989039758	0.0919815569641501	0.164184238317037	0.0689912034114815	0	0.207292731136215	0.0103332890060313	0	0.000543092415744898	0	0.0490543437667891	0	0.0385296453458585	0.0285539045605453	0.117082264750815	0	0	0.02908302520396	0	0.150579524033484	0	0.0326248821839128
GSM1426147_Treat	0	0.0359629399785674	0.178435684036271	0.0719465310474931	0	0.237759665785928	0	0	0.0530994969947499	0	0	0.0189567077208804	0.00636656361861985	0.0748206718325784	0.0518219904369751	0.00626629254007158	0	0.011716381254126	0	0.216357952032054	0	0.0364891227216841
GSM1426150_Treat	0.243214275512453	0.00937697007602369	0.0449021861535382	0.0519230147605543	0	0.205673357330396	0.048324493704702	0.000415319104075906	0.010348367503755	0	0.0851183522681915	0	0.000783359031178909	0.146761847093786	0.0226696801263398	0.0184600576345384	0	0.043971761016462	0	0.068056958684005	0	0
GSM1426151_Treat	0.0902398790560017	0.0367946605997112	0.159095294309333	0.188582368301617	0	0.057333386116449	0	0	0.179467779122616	0	0.0563048391200491	0	0.017592258501344	0.0220700562096774	0.0179679903455668	0.0238229694707628	0	0.0427619134739483	0	0.107966605372924	0	0
GSM1426152_Treat	0.12842160339413	0.0906731610770342	0.0943177470572909	0.135657786106526	0	0.150331623147448	0	0.0294273187531804	0.0231432979657958	0.0134113636177437	0.00578272242029817	0	0	0.146566091522331	0.0328486286537734	0.0756501554933673	0	0.0251723721245187	0	0.0485961286665634	0	0
GSM1426153_Treat	0	0.0107066047710255	0.100683602867692	0.0711012855833852	0.00834982754121887	0.122426990829697	0.00151971554965718	0	0.0456690607050028	0	0.00984209931282569	0	0.0115036634057052	0.180018288184565	0.136272686659487	0.0455285532222909	0	0	0	0.249515683497274	0	0.00686193787017368
GSM1426154_Treat	0.148566996910613	0.0522928756773794	0.0565640411591976	0.00930585870259032	0.0375043824292571	0.213860180691048	0	0	0	0	0.0434759184021845	0	0.00162620041945952	0.053514865903919	0.0852645840496988	0.0110394299132318	0	0.0168103680518056	0	0.253741188104141	0	0.0164331095854749
GSM1426156_Treat	0	0.0155484112517602	0.0674773598622527	0	0	0.173617904485643	0	0	0	0.0294293410889477	0	0.0341608782963639	0.0246781076245951	0.0124519710774606	0.0324263147485439	0.0198944101642708	0	0.0396128909930495	0	0.380349497657151	0	0.170352912749961
GSM1426158_Treat	0.00208676954722402	0.0130431604128793	0.0361733192651454	0.0447129108915616	0.0923625262559916	0.0640704253045836	0.00588502419303867	0	0	0	0.0219816619992812	0.00139339187755507	0.0215519724390869	0.0398461131817461	0.0462431185127071	0.0156265098512564	0	0.0559937036369965	0	0.37284777168669	0	0.166181620944256
GSM1426159_Treat	0	0.110453928746483	0.184170884551806	0.0776377693386765	0	0.170628085980699	0.0307967270303042	0	0.0283817248098234	0	0.055665841484125	0	0.01328252668044	0	0.0538279673858069	0.0254992941275737	0	0.0245844262508861	0	0.220803854850476	0	0.00426696876290143
GSM1426160_Treat	0.0494952022349535	0.00663988047004687	0.0627262877538323	0.0120515510067286	0	0.185479727168229	0.0122058244133851	0	0.0221495203172787	0	0.0508895402190557	0	0.00468020643721351	0.164302094626973	0.0446128844571563	0.00356819905930581	0	0.0303494915098603	0	0.283119452371818	0	0.0677301379541629
GSM1426162_Treat	0	0.0267392731489742	0.118159366317765	0.0177482206368504	0	0.252311735452312	0.00418472803014185	0	0.00796614065556473	0	0.0413858723470771	0	0.0186045360910225	0.197080821955514	0.0625104340096721	0	0	0	0	0.198021261865621	0	0.0552876094894851
GSM1426163_Treat	0	0.0163778646672393	0.145147406749974	0.0845998731825946	0	0.225089429016058	0	0	0.0558348171542489	0	0.0147420571294615	0.00732315600033729	0.00727649207377879	0.0956773668642794	0.0106077500650738	0.00725135795503674	0	0.0258077885003156	0	0.290170569180409	0	0.0140940714611935
